1 3 0 50
t y1 y2 y3
0 0.7176 0.4779 0.2790
1.0204 0.7252 0.3508 0.2714
2.0408 0.7682 0.2284 0.2514
3.0612 0.8554 0.1173 0.2197
4.0816 1.0077 0.0340 0.1784
5.1020 1.2627 0.0152 0.1324
6.1224 1.6762 0.0270 0.0877
7.1429 2.3580 0.0644 0.0477
8.1633 3.4479 0.1679 0.0201
9.1837 4.7836 0.3864 0.0158
10.2041 5.5007 0.7091 0.0352
11.2245 4.5858 0.9826 0.0795
12.2449 2.7203 0.9816 0.1327
13.2653 1.5099 0.9375 0.1819
14.2857 1.0162 0.8486 0.2236
15.3061 0.8282 0.7353 0.2545
16.3265 0.7478 0.6117 0.2732
17.3469 0.7179 0.4841 0.2791
18.3673 0.7240 0.3568 0.2721
19.3878 0.7646 0.2341 0.2527
20.4082 0.8503 0.1222 0.2215
21.4286 0.9981 0.0368 0.1806
22.4490 1.2473 0.0150 0.1347
23.4694 1.6511 0.0261 0.0898
24.4898 2.3163 0.0615 0.0495
25.5102 3.3851 0.1605 0.0210
26.5306 4.7220 0.3730 0.0155
27.5510 5.5005 0.6925 0.0337
28.5714 4.6701 0.9772 0.0769
29.5918 2.8032 0.9826 0.1301
30.6122 1.5484 0.9407 0.1796
31.6327 1.0311 0.8536 0.2217
32.6531 0.8341 0.7411 0.2532
33.6735 0.7504 0.6178 0.2725
34.6939 0.7185 0.4903 0.2790
35.7143 0.7230 0.3629 0.2727
36.7347 0.7619 0.2399 0.2538
37.7551 0.8440 0.1273 0.2232
38.7755 0.9898 0.0397 0.1827
39.7959 1.2324 0.0148 0.1369
40.8163 1.6269 0.0252 0.0919
41.8367 2.2762 0.0588 0.0512
42.8571 3.3244 0.1535 0.0219
43.8776 4.6628 0.3599 0.0152
44.8980 5.4927 0.6762 0.0323
45.9184 4.7473 0.9713 0.0744
46.9388 2.8855 0.9836 0.1277
47.9592 1.5880 0.9442 0.1774
48.9796 1.0456 0.8588 0.2200
50.0000 0.8400 0.7471 0.2521