1 3 0 52
x y1 y2 y3
0	0	0	0
0.1	0.19931958264438532	0.01888581470308926	0.0012402696579167215
0.2	0.31513247029272884	0.059932405644679165	0.012705721081246879
0.30000000000000004	0.34622452797436687	0.10539696278462413	0.039287128693823746
0.4	0.34407469168479254	0.14782946162155403	0.0774041653261831
0.5	0.3301390605067144	0.1851926387154652	0.12209552840883088
0.6	0.31187023872010056	0.217095654981819	0.16924504313961314
0.7	0.2922589758033304	0.24369773267958486	0.21581889842350035
0.7999999999999999	0.27266099334243254	0.2653656177463794	0.2597199431447823
0.8999999999999999	0.2537341931142679	0.28254351523637106	0.2995898478611808
0.9999999999999999	0.23580234185065652	0.2956960759614137	0.3346312361940975
1.0999999999999999	0.21901564753970537	0.3052810269391955	0.3644626690765574
1.2	0.20342911314317433	0.3117354322339133	0.38900455020582364
1.3	0.18904382644970968	0.3154688379242516	0.4083907974586595
1.4000000000000001	0.17583004027557744	0.3168601472911108	0.4229011059260942
1.5000000000000002	0.163740662282099	0.31625662349086564	0.43290940769616604
1.6000000000000003	0.15271939989168734	0.3139741475118953	0.43884499606222827
1.7000000000000004	0.1427057851766076	0.3102982287230701	0.44116353116018336
1.8000000000000005	0.13363830790551584	0.30548546383271163	0.4403257470871288
1.9000000000000006	0.12545636515740444	0.29976525244765234	0.43678215240378654
2.0000000000000004	0.11810145159010056	0.29334164407707736	0.43096238194024333
2.1000000000000005	0.11151785237385435	0.2863952326945184	0.4232681418531232
2.2000000000000006	0.10565300504705394	0.27908504156207053	0.41406891131051826
2.3000000000000007	0.10045763820508752	0.2715503588039883	0.40369973791197744
2.400000000000001	0.09588575843078144	0.2639124965261846	0.3924606011767544
2.500000000000001	0.09189453353534056	0.2562764550696699	0.38061692749692416
2.600000000000001	0.0884441050061568	0.2487324804435666	0.36840092708024
2.700000000000001	0.08549735259470963	0.24135750784688603	0.3560134932818966
2.800000000000001	0.08301962742832154	0.23421648793580485	0.3436264609019771
2.9000000000000012	0.08097846577698975	0.22736359544447798	0.33138506524624733
3.0000000000000013	0.07934329293862488	0.22084332214360405	0.3194104801549306
3.1000000000000014	0.07808512515378337	0.2146914580790512	0.3078023425001164
3.2000000000000015	0.07717627670043767	0.20893596668553271	0.2966411942124287
3.3000000000000016	0.07659007910943376	0.20359776079673741	0.28599079184727116
3.4000000000000017	0.07630061958309364	0.19869138782445814	0.27590024897165266
3.5000000000000018	0.07628250600917137	0.19422563348009303	0.26640598901768603
3.600000000000002	0.07651066625506886	0.19020405436189813	0.25753349634675626
3.700000000000002	0.07696018951000308	0.1866254505048251	0.24929886161513634
3.800000000000002	0.0776062171188015	0.18348428953722526	0.24171012452675933
3.900000000000002	0.07842388943444673	0.18077109434092978	0.2347684229861901
4.000000000000002	0.07938835355906275	0.17847280598695867	0.22846896269548958
4.100000000000001	0.08047483436835665	0.17657313313714185	0.22280182543577118
4.200000000000001	0.08165876795472213	0.17505289799724952	0.21775263760639713
4.300000000000001	0.08291599274861697	0.17389038724967723	0.21330312295963275
4.4	0.08422298940224199	0.17306171420596833	0.2094315647276956
4.5	0.08555715648570911	0.172541195789906	0.20611320236139855
4.6	0.08689710566674817	0.1723017450482502	0.2033205868079211
4.699999999999999	0.08822295782091485	0.1723152769060121	0.20102391566805722
4.799999999999999	0.08951662084076867	0.1725531220910056	0.19919136583145816
4.899999999999999	0.0907620309732546	0.172986441806026	0.1977894365602469
4.999999999999998	0.0919453422587474	0.17358663404883684	0.19678331085236928
5	0.09194534225874741	0.17358663404883684	0.19678331085236925