1 4 0 500
x y1 y2 y3 y4
0	0	0	0	0
0.0501	0.0050	0.0000	0.0050	0.0000
0.1002	0.0100	0.0000	0.0100	0.0000
0.1503	0.0150	0.0000	0.0150	0.0000
0.2004	0.0200	-0.0000	0.0200	-0.0000
0.2505	0.0251	0.0000	0.0251	0.0000
0.3006	0.0301	0.0000	0.0301	0.0000
0.3507	0.0351	0.0000	0.0351	0.0000
0.4008	0.0401	0.0000	0.0401	0.0000
0.4509	0.0451	0.0000	0.0451	0.0000
0.5010	0.0501	0.0000	0.0501	0.0000
0.5511	0.0551	0.0000	0.0551	0.0000
0.6012	0.0601	0.0000	0.0601	0.0000
0.6513	0.0651	0.0000	0.0651	0.0000
0.7014	0.0701	-0.0000	0.0701	-0.0000
0.7515	0.0752	-0.0000	0.0752	-0.0000
0.8016	0.0802	-0.0000	0.0802	-0.0000
0.8517	0.0852	-0.0000	0.0852	-0.0000
0.9018	0.0902	0.0000	0.0902	0.0000
0.9519	0.0952	0.0000	0.0952	0.0000
1.0020	0.1002	0.0000	0.1002	0.0000
1.0521	0.1052	0.0000	0.1052	0.0000
1.1022	0.1102	0.0000	0.1102	0.0000
1.1523	0.1152	0.0000	0.1152	0.0000
1.2024	0.1202	0.0000	0.1202	0.0000
1.2525	0.1253	0.0000	0.1253	0.0000
1.3026	0.1303	0.0000	0.1303	0.0000
1.3527	0.1353	0.0000	0.1353	0.0000
1.4028	0.1403	0.0000	0.1403	0.0000
1.4529	0.1453	0.0000	0.1453	0.0000
1.5030	0.1503	0.0000	0.1503	0.0000
1.5531	0.1553	0.0000	0.1553	0.0000
1.6032	0.1603	0.0001	0.1603	0.0001
1.6533	0.1653	0.0001	0.1653	0.0001
1.7034	0.1703	0.0001	0.1703	0.0001
1.7535	0.1754	0.0001	0.1754	0.0001
1.8036	0.1804	0.0001	0.1804	0.0001
1.8537	0.1854	0.0002	0.1854	0.0002
1.9038	0.1904	0.0002	0.1904	0.0002
1.9539	0.1954	0.0003	0.1954	0.0003
2.0040	0.2004	0.0004	0.2004	0.0004
2.0541	0.2054	0.0005	0.2054	0.0005
2.1042	0.2104	0.0006	0.2104	0.0006
2.1543	0.2154	0.0007	0.2154	0.0007
2.2044	0.2204	0.0009	0.2204	0.0009
2.2545	0.2255	0.0010	0.2255	0.0010
2.3046	0.2305	0.0013	0.2305	0.0013
2.3547	0.2355	0.0015	0.2355	0.0015
2.4048	0.2405	0.0018	0.2405	0.0018
2.4549	0.2455	0.0022	0.2455	0.0022
2.5050	0.2505	0.0026	0.2505	0.0026
2.5551	0.2555	0.0031	0.2555	0.0031
2.6052	0.2605	0.0037	0.2605	0.0037
2.6553	0.2655	0.0044	0.2655	0.0044
2.7054	0.2705	0.0052	0.2705	0.0052
2.7555	0.2756	0.0060	0.2756	0.0060
2.8056	0.2806	0.0071	0.2806	0.0071
2.8557	0.2856	0.0082	0.2856	0.0082
2.9058	0.2906	0.0096	0.2906	0.0096
2.9559	0.2956	0.0111	0.2956	0.0111
3.0060	0.3006	0.0129	0.3006	0.0129
3.0561	0.3056	0.0148	0.3056	0.0148
3.1062	0.3106	0.0170	0.3106	0.0170
3.1563	0.3156	0.0195	0.3156	0.0195
3.2064	0.3206	0.0223	0.3206	0.0223
3.2565	0.3257	0.0255	0.3257	0.0255
3.3066	0.3307	0.0290	0.3307	0.0290
3.3567	0.3357	0.0329	0.3357	0.0329
3.4068	0.3407	0.0372	0.3407	0.0372
3.4569	0.3457	0.0420	0.3457	0.0420
3.5070	0.3507	0.0473	0.3507	0.0473
3.5571	0.3557	0.0531	0.3557	0.0531
3.6072	0.3607	0.0595	0.3607	0.0595
3.6573	0.3657	0.0665	0.3657	0.0665
3.7074	0.3707	0.0741	0.3707	0.0741
3.7575	0.3758	0.0824	0.3758	0.0824
3.8076	0.3808	0.0914	0.3808	0.0914
3.8577	0.3858	0.1010	0.3858	0.1010
3.9078	0.3908	0.1114	0.3908	0.1114
3.9579	0.3958	0.1225	0.3958	0.1225
4.0080	0.4007	0.1343	0.4007	0.1343
4.0581	0.4056	0.1468	0.4056	0.1468
4.1082	0.4106	0.1601	0.4106	0.1601
4.1583	0.4156	0.1741	0.4156	0.1741
4.2084	0.4206	0.1888	0.4206	0.1888
4.2585	0.4257	0.2042	0.4257	0.2042
4.3086	0.4307	0.2202	0.4307	0.2202
4.3587	0.4357	0.2367	0.4357	0.2367
4.4088	0.4406	0.2536	0.4406	0.2536
4.4589	0.4453	0.2709	0.4453	0.2709
4.5090	0.4497	0.2884	0.4497	0.2884
4.5591	0.4536	0.3059	0.4536	0.3059
4.6092	0.4570	0.3234	0.4570	0.3234
4.6593	0.4595	0.3403	0.4595	0.3403
4.7094	0.4609	0.3563	0.4609	0.3563
4.7595	0.4609	0.3709	0.4609	0.3709
4.8096	0.4594	0.3837	0.4594	0.3837
4.8597	0.4563	0.3945	0.4563	0.3945
4.9098	0.4518	0.4031	0.4518	0.4031
4.9599	0.4460	0.4095	0.4460	0.4095
5.0100	0.4394	0.4136	0.4394	0.4136
5.0601	0.4326	0.4151	0.4326	0.4151
5.1102	0.4259	0.4140	0.4259	0.4140
5.1603	0.4198	0.4105	0.4198	0.4105
5.2104	0.4144	0.4055	0.4144	0.4055
5.2605	0.4100	0.4001	0.4100	0.4001
5.3106	0.4066	0.3950	0.4066	0.3950
5.3607	0.4039	0.3896	0.4039	0.3896
5.4108	0.4020	0.3841	0.4020	0.3841
5.4609	0.4008	0.3787	0.4008	0.3787
5.5110	0.4003	0.3735	0.4003	0.3735
5.5611	0.4003	0.3685	0.4003	0.3685
5.6112	0.4007	0.3640	0.4007	0.3640
5.6613	0.4015	0.3599	0.4015	0.3599
5.7114	0.4026	0.3563	0.4026	0.3563
5.7615	0.4040	0.3533	0.4040	0.3533
5.8116	0.4056	0.3508	0.4056	0.3508
5.8617	0.4073	0.3489	0.4073	0.3489
5.9118	0.4091	0.3476	0.4091	0.3476
5.9619	0.4109	0.3468	0.4109	0.3468
6.0120	0.4128	0.3467	0.4128	0.3467
6.0621	0.4147	0.3470	0.4147	0.3470
6.1122	0.4166	0.3478	0.4166	0.3478
6.1623	0.4183	0.3490	0.4183	0.3490
6.2124	0.4199	0.3506	0.4199	0.3506
6.2625	0.4214	0.3525	0.4214	0.3525
6.3126	0.4226	0.3546	0.4226	0.3546
6.3627	0.4236	0.3569	0.4236	0.3569
6.4128	0.4245	0.3593	0.4245	0.3593
6.4629	0.4251	0.3617	0.4251	0.3617
6.5130	0.4255	0.3641	0.4255	0.3641
6.5631	0.4257	0.3665	0.4257	0.3665
6.6132	0.4256	0.3687	0.4256	0.3687
6.6633	0.4254	0.3707	0.4254	0.3707
6.7134	0.4250	0.3725	0.4250	0.3725
6.7635	0.4245	0.3739	0.4245	0.3739
6.8136	0.4239	0.3751	0.4239	0.3751
6.8637	0.4233	0.3759	0.4233	0.3759
6.9138	0.4225	0.3764	0.4225	0.3764
6.9639	0.4218	0.3767	0.4218	0.3767
7.0140	0.4209	0.3767	0.4209	0.3767
7.0641	0.4200	0.3766	0.4200	0.3766
7.1142	0.4191	0.3762	0.4191	0.3762
7.1643	0.4182	0.3756	0.4182	0.3756
7.2144	0.4175	0.3749	0.4175	0.3749
7.2645	0.4168	0.3740	0.4168	0.3740
7.3146	0.4163	0.3730	0.4163	0.3730
7.3647	0.4159	0.3720	0.4159	0.3720
7.4148	0.4157	0.3709	0.4157	0.3709
7.4649	0.4155	0.3699	0.4155	0.3699
7.5150	0.4154	0.3689	0.4154	0.3689
7.5651	0.4154	0.3680	0.4154	0.3680
7.6152	0.4155	0.3671	0.4155	0.3671
7.6653	0.4157	0.3664	0.4157	0.3664
7.7154	0.4159	0.3658	0.4159	0.3658
7.7655	0.4162	0.3653	0.4162	0.3653
7.8156	0.4166	0.3649	0.4166	0.3649
7.8657	0.4170	0.3647	0.4170	0.3647
7.9158	0.4174	0.3646	0.4174	0.3646
7.9659	0.4178	0.3647	0.4178	0.3647
8.0160	0.4181	0.3648	0.4181	0.3648
8.0661	0.4185	0.3650	0.4185	0.3650
8.1162	0.4188	0.3653	0.4188	0.3653
8.1663	0.4191	0.3656	0.4191	0.3656
8.2164	0.4193	0.3660	0.4193	0.3660
8.2665	0.4195	0.3664	0.4195	0.3664
8.3166	0.4197	0.3668	0.4197	0.3668
8.3667	0.4198	0.3672	0.4198	0.3672
8.4168	0.4198	0.3676	0.4198	0.3676
8.4669	0.4198	0.3680	0.4198	0.3680
8.5170	0.4198	0.3684	0.4198	0.3684
8.5671	0.4198	0.3687	0.4198	0.3687
8.6172	0.4197	0.3690	0.4197	0.3690
8.6673	0.4196	0.3693	0.4196	0.3693
8.7174	0.4194	0.3695	0.4194	0.3695
8.7675	0.4193	0.3697	0.4193	0.3697
8.8176	0.4191	0.3698	0.4191	0.3698
8.8677	0.4190	0.3698	0.4190	0.3698
8.9178	0.4188	0.3698	0.4188	0.3698
8.9679	0.4187	0.3697	0.4187	0.3697
9.0180	0.4185	0.3696	0.4185	0.3696
9.0681	0.4184	0.3694	0.4184	0.3694
9.1182	0.4183	0.3692	0.4183	0.3692
9.1683	0.4182	0.3690	0.4182	0.3690
9.2184	0.4181	0.3688	0.4181	0.3688
9.2685	0.4181	0.3687	0.4181	0.3687
9.3186	0.4181	0.3685	0.4181	0.3685
9.3687	0.4180	0.3683	0.4180	0.3683
9.4188	0.4180	0.3681	0.4180	0.3681
9.4689	0.4180	0.3680	0.4180	0.3680
9.5190	0.4180	0.3678	0.4180	0.3678
9.5691	0.4181	0.3677	0.4181	0.3677
9.6192	0.4181	0.3677	0.4181	0.3677
9.6693	0.4182	0.3676	0.4182	0.3676
9.7194	0.4183	0.3676	0.4183	0.3676
9.7695	0.4184	0.3676	0.4184	0.3676
9.8196	0.4185	0.3676	0.4185	0.3676
9.8697	0.4186	0.3677	0.4186	0.3677
9.9198	0.4186	0.3678	0.4186	0.3678
9.9699	0.4187	0.3678	0.4187	0.3678
10.0200	0.4187	0.3679	0.4187	0.3679
10.0701	0.4188	0.3680	0.4188	0.3680
10.1202	0.4188	0.3681	0.4188	0.3681
10.1703	0.4188	0.3681	0.4188	0.3681
10.2204	0.4188	0.3682	0.4188	0.3682
10.2705	0.4188	0.3683	0.4188	0.3683
10.3206	0.4188	0.3683	0.4188	0.3683
10.3707	0.4188	0.3684	0.4188	0.3684
10.4208	0.4188	0.3684	0.4188	0.3684
10.4709	0.4187	0.3685	0.4187	0.3685
10.5210	0.4187	0.3685	0.4187	0.3685
10.5711	0.4186	0.3685	0.4186	0.3685
10.6212	0.4186	0.3685	0.4186	0.3685
10.6713	0.4186	0.3685	0.4186	0.3685
10.7214	0.4186	0.3685	0.4186	0.3685
10.7715	0.4185	0.3685	0.4185	0.3685
10.8216	0.4185	0.3684	0.4185	0.3684
10.8717	0.4185	0.3684	0.4185	0.3684
10.9218	0.4184	0.3684	0.4184	0.3684
10.9719	0.4184	0.3684	0.4184	0.3684
11.0220	0.4184	0.3683	0.4184	0.3683
11.0721	0.4184	0.3683	0.4184	0.3683
11.1222	0.4184	0.3682	0.4184	0.3682
11.1723	0.4184	0.3682	0.4184	0.3682
11.2224	0.4184	0.3681	0.4184	0.3681
11.2725	0.4184	0.3681	0.4184	0.3681
11.3226	0.4185	0.3681	0.4185	0.3681
11.3727	0.4185	0.3680	0.4185	0.3680
11.4228	0.4185	0.3680	0.4185	0.3680
11.4729	0.4186	0.3680	0.4186	0.3680
11.5230	0.4186	0.3680	0.4186	0.3680
11.5731	0.4186	0.3680	0.4186	0.3680
11.6232	0.4186	0.3681	0.4186	0.3681
11.6733	0.4187	0.3681	0.4187	0.3681
11.7234	0.4187	0.3681	0.4187	0.3681
11.7735	0.4187	0.3682	0.4187	0.3682
11.8236	0.4188	0.3682	0.4188	0.3682
11.8737	0.4188	0.3682	0.4188	0.3682
11.9238	0.4188	0.3683	0.4188	0.3683
11.9739	0.4188	0.3683	0.4188	0.3683
12.0240	0.4188	0.3684	0.4188	0.3684
12.0741	0.4188	0.3684	0.4188	0.3684
12.1242	0.4187	0.3684	0.4187	0.3684
12.1743	0.4187	0.3685	0.4187	0.3685
12.2244	0.4187	0.3685	0.4187	0.3685
12.2745	0.4186	0.3685	0.4186	0.3685
12.3246	0.4186	0.3685	0.4186	0.3685
12.3747	0.4185	0.3685	0.4185	0.3685
12.4248	0.4185	0.3685	0.4185	0.3685
12.4749	0.4184	0.3685	0.4184	0.3685
12.5251	0.4184	0.3685	0.4184	0.3685
12.5752	0.4184	0.3684	0.4184	0.3684
12.6253	0.4183	0.3683	0.4183	0.3683
12.6754	0.4183	0.3682	0.4183	0.3682
12.7255	0.4183	0.3682	0.4183	0.3682
12.7756	0.4183	0.3681	0.4183	0.3681
12.8257	0.4183	0.3680	0.4183	0.3680
12.8758	0.4183	0.3680	0.4183	0.3680
12.9259	0.4184	0.3679	0.4184	0.3679
12.9760	0.4184	0.3679	0.4184	0.3679
13.0261	0.4184	0.3679	0.4184	0.3679
13.0762	0.4185	0.3679	0.4185	0.3679
13.1263	0.4185	0.3679	0.4185	0.3679
13.1764	0.4186	0.3679	0.4186	0.3679
13.2265	0.4186	0.3680	0.4186	0.3680
13.2766	0.4186	0.3680	0.4186	0.3680
13.3267	0.4187	0.3681	0.4187	0.3681
13.3768	0.4187	0.3682	0.4187	0.3682
13.4269	0.4187	0.3682	0.4187	0.3682
13.4770	0.4187	0.3683	0.4187	0.3683
13.5271	0.4187	0.3683	0.4187	0.3683
13.5772	0.4187	0.3684	0.4187	0.3684
13.6273	0.4187	0.3684	0.4187	0.3684
13.6774	0.4187	0.3684	0.4187	0.3684
13.7275	0.4187	0.3685	0.4187	0.3685
13.7776	0.4186	0.3685	0.4186	0.3685
13.8277	0.4186	0.3685	0.4186	0.3685
13.8778	0.4186	0.3685	0.4186	0.3685
13.9279	0.4186	0.3684	0.4186	0.3684
13.9780	0.4185	0.3684	0.4185	0.3684
14.0281	0.4185	0.3684	0.4185	0.3684
14.0782	0.4185	0.3683	0.4185	0.3683
14.1283	0.4185	0.3683	0.4185	0.3683
14.1784	0.4185	0.3683	0.4185	0.3683
14.2285	0.4185	0.3682	0.4185	0.3682
14.2786	0.4185	0.3682	0.4185	0.3682
14.3287	0.4185	0.3682	0.4185	0.3682
14.3788	0.4185	0.3681	0.4185	0.3681
14.4289	0.4185	0.3681	0.4185	0.3681
14.4790	0.4185	0.3681	0.4185	0.3681
14.5291	0.4185	0.3680	0.4185	0.3680
14.5792	0.4185	0.3680	0.4185	0.3680
14.6293	0.4185	0.3680	0.4185	0.3680
14.6794	0.4185	0.3680	0.4185	0.3680
14.7295	0.4185	0.3680	0.4185	0.3680
14.7796	0.4185	0.3680	0.4185	0.3680
14.8297	0.4186	0.3681	0.4186	0.3681
14.8798	0.4186	0.3681	0.4186	0.3681
14.9299	0.4186	0.3681	0.4186	0.3681
14.9800	0.4186	0.3682	0.4186	0.3682
15.0301	0.4187	0.3682	0.4187	0.3682
15.0802	0.4187	0.3683	0.4187	0.3683
15.1303	0.4187	0.3683	0.4187	0.3683
15.1804	0.4187	0.3683	0.4187	0.3683
15.2305	0.4186	0.3684	0.4186	0.3684
15.2806	0.4186	0.3684	0.4186	0.3684
15.3307	0.4186	0.3685	0.4186	0.3685
15.3808	0.4186	0.3685	0.4186	0.3685
15.4309	0.4186	0.3685	0.4186	0.3685
15.4810	0.4186	0.3685	0.4186	0.3685
15.5311	0.4185	0.3686	0.4185	0.3686
15.5812	0.4185	0.3686	0.4185	0.3686
15.6313	0.4185	0.3685	0.4185	0.3685
15.6814	0.4185	0.3685	0.4185	0.3685
15.7315	0.4185	0.3684	0.4185	0.3684
15.7816	0.4184	0.3684	0.4184	0.3684
15.8317	0.4184	0.3683	0.4184	0.3683
15.8818	0.4184	0.3682	0.4184	0.3682
15.9319	0.4184	0.3682	0.4184	0.3682
15.9820	0.4184	0.3681	0.4184	0.3681
16.0321	0.4184	0.3680	0.4184	0.3680
16.0822	0.4184	0.3679	0.4184	0.3679
16.1323	0.4184	0.3679	0.4184	0.3679
16.1824	0.4185	0.3679	0.4185	0.3679
16.2325	0.4185	0.3679	0.4185	0.3679
16.2826	0.4186	0.3679	0.4186	0.3679
16.3327	0.4186	0.3679	0.4186	0.3679
16.3828	0.4187	0.3679	0.4187	0.3679
16.4329	0.4187	0.3679	0.4187	0.3679
16.4830	0.4188	0.3679	0.4188	0.3679
16.5331	0.4188	0.3679	0.4188	0.3679
16.5832	0.4188	0.3680	0.4188	0.3680
16.6333	0.4189	0.3680	0.4189	0.3680
16.6834	0.4189	0.3681	0.4189	0.3681
16.7335	0.4189	0.3682	0.4189	0.3682
16.7836	0.4189	0.3683	0.4189	0.3683
16.8337	0.4188	0.3684	0.4188	0.3684
16.8838	0.4188	0.3685	0.4188	0.3685
16.9339	0.4187	0.3686	0.4187	0.3686
16.9840	0.4187	0.3686	0.4187	0.3686
17.0341	0.4186	0.3687	0.4186	0.3687
17.0842	0.4186	0.3687	0.4186	0.3687
17.1343	0.4185	0.3688	0.4185	0.3688
17.1844	0.4184	0.3687	0.4184	0.3687
17.2345	0.4184	0.3687	0.4184	0.3687
17.2846	0.4183	0.3686	0.4183	0.3686
17.3347	0.4182	0.3685	0.4182	0.3685
17.3848	0.4181	0.3683	0.4181	0.3683
17.4349	0.4181	0.3682	0.4181	0.3682
17.4850	0.4180	0.3681	0.4180	0.3681
17.5351	0.4179	0.3680	0.4179	0.3680
17.5852	0.4179	0.3678	0.4179	0.3678
17.6353	0.4179	0.3677	0.4179	0.3677
17.6854	0.4180	0.3677	0.4180	0.3677
17.7355	0.4181	0.3676	0.4181	0.3676
17.7856	0.4182	0.3676	0.4182	0.3676
17.8357	0.4183	0.3675	0.4183	0.3675
17.8858	0.4184	0.3675	0.4184	0.3675
17.9359	0.4186	0.3676	0.4186	0.3676
17.9860	0.4188	0.3676	0.4188	0.3676
18.0361	0.4189	0.3677	0.4189	0.3677
18.0862	0.4191	0.3678	0.4191	0.3678
18.1363	0.4192	0.3680	0.4192	0.3680
18.1864	0.4192	0.3681	0.4192	0.3681
18.2365	0.4192	0.3683	0.4192	0.3683
18.2866	0.4192	0.3685	0.4192	0.3685
18.3367	0.4192	0.3687	0.4192	0.3687
18.3868	0.4191	0.3689	0.4191	0.3689
18.4369	0.4191	0.3691	0.4191	0.3691
18.4870	0.4190	0.3692	0.4190	0.3692
18.5371	0.4189	0.3693	0.4189	0.3693
18.5872	0.4188	0.3693	0.4188	0.3693
18.6373	0.4187	0.3693	0.4187	0.3693
18.6874	0.4186	0.3692	0.4186	0.3692
18.7375	0.4185	0.3691	0.4185	0.3691
18.7876	0.4185	0.3690	0.4185	0.3690
18.8377	0.4184	0.3688	0.4184	0.3688
18.8878	0.4183	0.3687	0.4183	0.3687
18.9379	0.4183	0.3685	0.4183	0.3685
18.9880	0.4183	0.3684	0.4183	0.3684
19.0381	0.4182	0.3683	0.4182	0.3683
19.0882	0.4183	0.3682	0.4183	0.3682
19.1383	0.4183	0.3681	0.4183	0.3681
19.1884	0.4183	0.3680	0.4183	0.3680
19.2385	0.4183	0.3679	0.4183	0.3679
19.2886	0.4183	0.3679	0.4183	0.3679
19.3387	0.4184	0.3678	0.4184	0.3678
19.3888	0.4184	0.3678	0.4184	0.3678
19.4389	0.4184	0.3678	0.4184	0.3678
19.4890	0.4185	0.3678	0.4185	0.3678
19.5391	0.4185	0.3679	0.4185	0.3679
19.5892	0.4186	0.3679	0.4186	0.3679
19.6393	0.4186	0.3680	0.4186	0.3680
19.6894	0.4187	0.3680	0.4187	0.3680
19.7395	0.4187	0.3681	0.4187	0.3681
19.7896	0.4187	0.3681	0.4187	0.3681
19.8397	0.4187	0.3682	0.4187	0.3682
19.8898	0.4187	0.3682	0.4187	0.3682
19.9399	0.4187	0.3683	0.4187	0.3683
19.9900	0.4187	0.3683	0.4187	0.3683
20.0401	0.4187	0.3684	0.4187	0.3684
20.0902	0.4187	0.3684	0.4187	0.3684
20.1403	0.4187	0.3685	0.4187	0.3685
20.1904	0.4187	0.3685	0.4187	0.3685
20.2405	0.4186	0.3685	0.4186	0.3685
20.2906	0.4186	0.3685	0.4186	0.3685
20.3407	0.4186	0.3684	0.4186	0.3684
20.3908	0.4185	0.3684	0.4185	0.3684
20.4409	0.4185	0.3684	0.4185	0.3684
20.4910	0.4185	0.3684	0.4185	0.3684
20.5411	0.4185	0.3683	0.4185	0.3683
20.5912	0.4185	0.3683	0.4185	0.3683
20.6413	0.4185	0.3683	0.4185	0.3683
20.6914	0.4184	0.3682	0.4184	0.3682
20.7415	0.4184	0.3682	0.4184	0.3682
20.7916	0.4184	0.3681	0.4184	0.3681
20.8417	0.4184	0.3681	0.4184	0.3681
20.8918	0.4184	0.3681	0.4184	0.3681
20.9419	0.4184	0.3680	0.4184	0.3680
20.9920	0.4185	0.3680	0.4185	0.3680
21.0421	0.4185	0.3680	0.4185	0.3680
21.0922	0.4185	0.3680	0.4185	0.3680
21.1423	0.4185	0.3680	0.4185	0.3680
21.1924	0.4186	0.3681	0.4186	0.3681
21.2425	0.4186	0.3681	0.4186	0.3681
21.2926	0.4186	0.3681	0.4186	0.3681
21.3427	0.4186	0.3682	0.4186	0.3682
21.3928	0.4187	0.3682	0.4187	0.3682
21.4429	0.4187	0.3682	0.4187	0.3682
21.4930	0.4187	0.3683	0.4187	0.3683
21.5431	0.4187	0.3683	0.4187	0.3683
21.5932	0.4187	0.3683	0.4187	0.3683
21.6433	0.4187	0.3684	0.4187	0.3684
21.6934	0.4186	0.3684	0.4186	0.3684
21.7435	0.4186	0.3685	0.4186	0.3685
21.7936	0.4186	0.3685	0.4186	0.3685
21.8437	0.4186	0.3685	0.4186	0.3685
21.8938	0.4186	0.3686	0.4186	0.3686
21.9439	0.4186	0.3686	0.4186	0.3686
21.9940	0.4185	0.3685	0.4185	0.3685
22.0441	0.4185	0.3685	0.4185	0.3685
22.0942	0.4185	0.3685	0.4185	0.3685
22.1443	0.4185	0.3684	0.4185	0.3684
22.1944	0.4185	0.3683	0.4185	0.3683
22.2445	0.4184	0.3683	0.4184	0.3683
22.2946	0.4184	0.3682	0.4184	0.3682
22.3447	0.4184	0.3681	0.4184	0.3681
22.3948	0.4184	0.3681	0.4184	0.3681
22.4449	0.4184	0.3680	0.4184	0.3680
22.4950	0.4184	0.3680	0.4184	0.3680
22.5451	0.4185	0.3680	0.4185	0.3680
22.5952	0.4185	0.3679	0.4185	0.3679
22.6453	0.4185	0.3679	0.4185	0.3679
22.6954	0.4186	0.3679	0.4186	0.3679
22.7455	0.4186	0.3679	0.4186	0.3679
22.7956	0.4187	0.3679	0.4187	0.3679
22.8457	0.4187	0.3679	0.4187	0.3679
22.8958	0.4187	0.3679	0.4187	0.3679
22.9459	0.4188	0.3680	0.4188	0.3680
22.9960	0.4188	0.3680	0.4188	0.3680
23.0461	0.4188	0.3681	0.4188	0.3681
23.0962	0.4188	0.3681	0.4188	0.3681
23.1463	0.4188	0.3682	0.4188	0.3682
23.1964	0.4188	0.3683	0.4188	0.3683
23.2465	0.4187	0.3684	0.4187	0.3684
23.2966	0.4187	0.3685	0.4187	0.3685
23.3467	0.4187	0.3686	0.4187	0.3686
23.3968	0.4186	0.3686	0.4186	0.3686
23.4469	0.4186	0.3687	0.4186	0.3687
23.4970	0.4185	0.3687	0.4185	0.3687
23.5471	0.4185	0.3686	0.4185	0.3686
23.5972	0.4184	0.3686	0.4184	0.3686
23.6473	0.4183	0.3685	0.4183	0.3685
23.6974	0.4183	0.3685	0.4183	0.3685
23.7475	0.4182	0.3684	0.4182	0.3684
23.7976	0.4181	0.3683	0.4181	0.3683
23.8477	0.4181	0.3683	0.4181	0.3683
23.8978	0.4180	0.3682	0.4180	0.3682
23.9479	0.4180	0.3681	0.4180	0.3681
23.9980	0.4180	0.3680	0.4180	0.3680
24.0481	0.4181	0.3679	0.4181	0.3679
24.0982	0.4181	0.3678	0.4181	0.3678
24.1483	0.4182	0.3678	0.4182	0.3678
24.1984	0.4183	0.3677	0.4183	0.3677
24.2485	0.4184	0.3676	0.4184	0.3676
24.2986	0.4186	0.3676	0.4186	0.3676
24.3487	0.4187	0.3676	0.4187	0.3676
24.3988	0.4188	0.3676	0.4188	0.3676
24.4489	0.4189	0.3677	0.4189	0.3677
24.4990	0.4190	0.3678	0.4190	0.3678
24.5491	0.4190	0.3679	0.4190	0.3679
24.5992	0.4191	0.3681	0.4191	0.3681
24.6493	0.4191	0.3682	0.4191	0.3682
24.6994	0.4191	0.3684	0.4191	0.3684
24.7495	0.4190	0.3685	0.4190	0.3685
24.7996	0.4190	0.3686	0.4190	0.3686
24.8497	0.4189	0.3687	0.4189	0.3687
24.8998	0.4189	0.3687	0.4189	0.3687
24.9499	0.4188	0.3688	0.4188	0.3688
25.0000	0.4188	0.3688	0.4188	0.3688