1 3 2 102
t x y z
0 10 10 10
0.1 4.995791522481564 4.065589155191642 20.100215195944045
0.2 4.14029326263123 1.0669853745934148 22.26375225068137
0.30000000000000004 4.019050488396271 0.3151294636918619 21.350945213780403
0.4 4.029035739625233 0.08638413669404926 19.908928364896145
0.5 4.083187882847152 0.023556928279458336 18.408874865733274
0.6 4.1559549311518955 0.006787648306451274 16.995956898886725
0.7 4.2401856966977505 0.002137449915083629 15.702378142963433
0.7999999999999999 4.334434394338831 0.0007463902891317747 14.527688635358485
0.8999999999999999 4.438972452291267 0.0002900248025167333 13.463531890150291
0.9999999999999999 4.554638451890344 0.00012513253387279414 12.500236113380412
1.0999999999999999 4.682520945427945 0.000059669658023554334 11.628465112906765
1.2 4.823874906254195 0.00003127520851213269 10.839597482790769
1.3 4.980105298045437 0.000017919353964772365 10.125776390989417
1.4000000000000001 5.152771595703179 0.000011166238532614633 9.47987318482105
1.5000000000000002 5.343600014853977 0.000007533519740645013 8.895430226980109
1.6000000000000003 5.5544995024401755 0.000005481897267696385 8.366601407806039
1.7000000000000004 5.7875803170886915 0.000004288877289640835 7.888095641828415
1.8000000000000005 6.0451749194025 0.0000035989577160575043 7.455124751409435
1.9000000000000006 6.329861206971403 0.0000032334793487619134 7.06335591918121
2.0000000000000004 6.644488256597805 0.000003107122968841027 6.708868501851933
2.1000000000000005 6.992204800230377 0.0000031920399413765773 6.388114882463101
2.2000000000000006 7.376490702486352 0.0000035068457417667383 6.097885017148457
2.3000000000000007 7.801191740183475 0.000004123934744005751 5.835274345121681
2.400000000000001 8.270558010918297 0.0000051994413721372425 5.597654755847
2.500000000000001 8.789286313764554 0.000007044574602774033 5.382648338773636
2.600000000000001 9.362566833295418 0.000010287688068025941 5.188103680164488
2.700000000000001 9.996134368162894 0.000016254577502886163 5.012074529591969
2.800000000000001 10.696324029510057 0.000027911811440046504 4.8528007698789
2.9000000000000012 11.470130331094822 0.00005236681596687327 4.70869189218979
3.0000000000000013 12.325265358361312 0.0001080028654878003 4.578313934621087
3.1000000000000014 13.270200656497781 0.00024657223755925316 4.4603832344004175
3.2000000000000015 14.314136652360702 0.0006280140260697265 4.353778668598918
3.3000000000000016 15.466678011952366 0.0017999180673309878 4.257615943923557
3.4000000000000017 16.736251197910246 0.0058590589229569265 4.1715626849794445
3.5000000000000018 18.1225869121542 0.02186525227476934 4.097212750939933
3.600000000000002 19.57789583000622 0.09417206198431535 4.044743364145949
3.700000000000002 20.788426905096113 0.46335741843614997 4.069531255369755
3.800000000000002 20.054228763069954 2.345932341719177 4.498177896748939
3.900000000000002 13.265352287548113 7.368309956855125 7.157380408355018
4.000000000000002 6.443570453270782 6.389439507491785 14.642436234238522
4.100000000000001 4.466816557368244 1.7087933607689427 20.138940035016546
4.200000000000001 4.181982147860604 0.4664384030459694 20.084118349825914
4.300000000000001 4.162258426874396 0.12729848349163153 18.912239059542785
4.4 4.213345936457741 0.03589881367689815 17.550330521442472
4.5 4.290523288763825 0.010929250056531795 16.235531477419254
4.6 4.381975847875712 0.0036732371410801955 15.023146552988246
4.699999999999999 4.484993362429068 0.0013732568673689178 13.919548826958362
4.799999999999999 4.599512835742943 0.0005709608132742284 12.918902273374297
4.899999999999999 4.726326850959892 0.0002629925774843149 12.012767049695947
4.999999999999998 4.866580851816578 0.00013350091958148476 11.19259264449888
5.099999999999998 5.021631515561268 0.00007427286963851254 10.450356817343158
5.1999999999999975 5.1930112734756975 0.000045051023324205116 9.778704021395193
5.299999999999997 5.382426740088069 0.000029652834605155403 9.170943156336326
5.399999999999997 5.591769523770132 0.000021093968420812803 8.621005778245562
5.4999999999999964 5.82313266225839 0.000016163202139057023 8.123394936693503
5.599999999999996 6.0788305044626725 0.000013305366018432774 7.673134065170432
5.699999999999996 6.3614213820165375 0.000011743950825497414 7.265718877463163
5.799999999999995 6.673732962512183 0.000011100630458867528 6.89707308019801
5.899999999999995 7.018890394744311 0.000011230059716737305 6.563507972381371
5.999999999999995 7.400347454635717 0.000012160952874149965 6.261685746957568
6.099999999999994 7.821920948919683 0.000014107495536937012 5.988586230704942
6.199999999999994 8.287828650470018 0.000017557916328256235 5.74147679066152
6.299999999999994 8.802731012979581 0.00002349547218700877 5.517885162817234
6.399999999999993 9.371776790673302 0.00003390328424543822 5.315575020714535
6.499999999999993 10.00065231651133 0.00005294490197355885 5.132524229954765
6.5999999999999925 10.695633117898264 0.00008987535304129401 4.966906034349702
6.699999999999992 11.463633372702004 0.00016670271925588601 4.817074209189156
6.799999999999992 12.312238784744906 0.00033988692548096424 4.681555513389516
6.8999999999999915 13.249675131058776 0.0007669702881893682 4.559060060881268
6.999999999999991 14.284543064803792 0.0019301408122334163 4.448545474457936
7.099999999999991 15.424662626847027 0.0054624059765521395 4.3494665508986765
7.19999999999999 16.67221785416038 0.017534635130167002 4.262744235932235
7.29999999999999 18.00188439879133 0.06430043245397596 4.194863152258132
7.39999999999999 19.25349232270169 0.268772877704618 4.1772639238582965
7.499999999999989 19.606766635049798 1.2189747657072956 4.3688120135674975
7.599999999999989 16.167813799997255 4.618090351533809 5.602364308849309
7.699999999999989 8.806210334624442 7.363915825335999 10.428240784357056
7.799999999999988 5.216406103700325 3.3637188704123524 17.30329711847689
7.899999999999988 4.407405579516526 0.9097732256669708 19.238466895796556
7.999999999999988 4.287737634996016 0.2516750070201885 18.565413846713994
8.099999999999987 4.314266147715294 0.07220319666110367 17.355656099525966
8.199999999999987 4.386609816294477 0.02236886404029729 16.0975049984098
8.299999999999986 4.47933078768866 0.007652427609021378 14.913537777358364
8.399999999999986 4.585881816733626 0.0029121219523400004 13.828833562659344
8.499999999999986 4.705056827422475 0.001232189548721069 12.843073361893916
8.599999999999985 4.837305418904592 0.000577409870471269 11.949623931695385
8.699999999999985 4.983687651933923 0.00029809112858180005 11.140623154120282
8.799999999999985 5.145567092633534 0.0001686179180040744 10.40836810764775
8.899999999999984 5.324521556576417 0.0001039728625318652 9.745686595350653
8.999999999999984 5.522323019292493 0.00006956892564149239 9.146013669222938
9.099999999999984 5.740941890876286 0.00005031504305453289 8.603378904838227
9.199999999999983 5.982561315282405 0.000039208736685763676 8.11236703364129
9.299999999999983 6.2495966756377985 0.00003283940371107024 7.668072159956209
9.399999999999983 6.544718668902677 0.00002950987254826798 7.2660523735046
9.499999999999982 6.870879453517428 0.00002842070493401161 6.902287043388635
9.599999999999982 7.2313418116973835 0.000029324739196412094 6.573137469539522
9.699999999999982 7.629711443006977 0.00003242657102346288 6.275310976688726
9.799999999999981 8.069972560935737 0.000038465523197236124 6.0058283267838535
9.89999999999998 8.556526925682446 0.00004903272821898784 5.761994277563124
9.99999999999998 9.094236256928113 0.00006732771718115409 5.541371162014003
10 9.094236256928223 0.00006732771718115877 5.541371162013962