3 1 0 125
x y z f
0 0 0 0.0
0 0 2 -0.6666666666666666
0 0 4 -1.3333333333333333
0 0 6 -2.0
0 0 8 -2.6666666666666665
0 2 0 4.0
0 2 2 3.3333333333333335
0 2 4 2.666666666666667
0 2 6 2.0
0 2 8 1.3333333333333335
0 4 0 8.0
0 4 2 7.333333333333333
0 4 4 6.666666666666667
0 4 6 6.0
0 4 8 5.333333333333334
0 6 0 12.0
0 6 2 11.333333333333334
0 6 4 10.666666666666666
0 6 6 10.0
0 6 8 9.333333333333334
0 8 0 16.0
0 8 2 15.333333333333334
0 8 4 14.666666666666666
0 8 6 14.0
0 8 8 13.333333333333334
2 0 0 2.0
2 0 2 1.3333333333333335
2 0 4 0.6666666666666667
2 0 6 0.0
2 0 8 -0.6666666666666665
2 2 0 6.0
2 2 2 5.333333333333333
2 2 4 4.666666666666667
2 2 6 4.0
2 2 8 3.3333333333333335
2 4 0 10.0
2 4 2 9.333333333333334
2 4 4 8.666666666666666
2 4 6 8.0
2 4 8 7.333333333333334
2 6 0 14.0
2 6 2 13.333333333333334
2 6 4 12.666666666666666
2 6 6 12.0
2 6 8 11.333333333333334
2 8 0 18.0
2 8 2 17.333333333333332
2 8 4 16.666666666666668
2 8 6 16.0
2 8 8 15.333333333333334
4 0 0 4.0
4 0 2 3.3333333333333335
4 0 4 2.666666666666667
4 0 6 2.0
4 0 8 1.3333333333333335
4 2 0 8.0
4 2 2 7.333333333333333
4 2 4 6.666666666666667
4 2 6 6.0
4 2 8 5.333333333333334
4 4 0 12.0
4 4 2 11.333333333333334
4 4 4 10.666666666666666
4 4 6 10.0
4 4 8 9.333333333333334
4 6 0 16.0
4 6 2 15.333333333333334
4 6 4 14.666666666666666
4 6 6 14.0
4 6 8 13.333333333333334
4 8 0 20.0
4 8 2 19.333333333333332
4 8 4 18.666666666666668
4 8 6 18.0
4 8 8 17.333333333333332
6 0 0 6.0
6 0 2 5.333333333333333
6 0 4 4.666666666666667
6 0 6 4.0
6 0 8 3.3333333333333335
6 2 0 10.0
6 2 2 9.333333333333334
6 2 4 8.666666666666666
6 2 6 8.0
6 2 8 7.333333333333334
6 4 0 14.0
6 4 2 13.333333333333334
6 4 4 12.666666666666666
6 4 6 12.0
6 4 8 11.333333333333334
6 6 0 18.0
6 6 2 17.333333333333332
6 6 4 16.666666666666668
6 6 6 16.0
6 6 8 15.333333333333334
6 8 0 22.0
6 8 2 21.333333333333332
6 8 4 20.666666666666668
6 8 6 20.0
6 8 8 19.333333333333332
8 0 0 8.0
8 0 2 7.333333333333333
8 0 4 6.666666666666667
8 0 6 6.0
8 0 8 5.333333333333334
8 2 0 12.0
8 2 2 11.333333333333334
8 2 4 10.666666666666666
8 2 6 10.0
8 2 8 9.333333333333334
8 4 0 16.0
8 4 2 15.333333333333334
8 4 4 14.666666666666666
8 4 6 14.0
8 4 8 13.333333333333334
8 6 0 20.0
8 6 2 19.333333333333332
8 6 4 18.666666666666668
8 6 6 18.0
8 6 8 17.333333333333332
8 8 0 24.0
8 8 2 23.333333333333332
8 8 4 22.666666666666668
8 8 6 22.0
8 8 8 21.333333333333332